32768
32768
32768
32768
32768
32768
32768
32768
32768
32768
32768
32768
32768
32768
32768
32768
32761
32756
32761
32730
32614
32693
32713
32767
32556
32617
32687
32811
32419
32408
32616
32527
32467
32548
32560
32130
32265
32374
32681
32674
33305
31414
32496
33596
32657
32823
31661
32341
31414
32979
31826
32828
32152
31723
32416
31553
32010
32271
32717
32941
32664
31722
33398
31960
31919
31483
31663
32877
33437
32781
32134
31399
32499
32727
31439
31436
31589
31429
31367
32040
32082
32657
31992
31954
31282
31507
32586
32274
31958
31816
31654
29509
31373
33049
30751
31698
31938
31935
31526
32773
30023
32081
31495
33336
33824
31176
30966
31114
30870
31403
30444
32130
29903
30833
30778
32634
30223
30906
29319
33945
30848
31198
34316
34471
32352
31675
32612
30521
31396
31369
31701
31748
31115
31027
32571
32629
33031
31675
30929
30942
30700
30979
32410
31039
28736
28455
31965
30948
30518
32042
31865
29783
29399
31976
32297
34342
32580
30944
32892
32324
31216
30971
31475
32032
32481
32010
34400
30800
33054
32111
31977
30706
31985
31597
29008
30417
30393
31061
31492
33531
31168
30622
31785
31141
31077
31881
31686
29936
31954
31060
31784
31615
30414
31839
28998
29386
30478
30646
29839
30795
31679
32164
32432
33092
32953
33547
33361
33427
34148
35059
33723
33669
31813
31839
30501
31830
32811
32840
31168
31452
30067
31593
30742
29971
29040
28923
29361
28184
27962
29865
29626
30667
32907
31679
30117
30741
33218
32900
33270
34743
35384
35812
34126
32936
34827
34302
30890
31866
30873
30678
30853
31916
31352
32339
31563
30193
31051
29264
28648
27847
30299
27691
29516
30178
30424
32745
32305
33079
31592
32588
34719
28631
28522
29728
32632
31899
37526
34135
30774
31710
33791
29686
32181
32386
29793
28654
30831
32383
33733
35862
41348
36263
30688
27480
30914
26900
30264
29810
24784
24356
25035
27962
28174
27653
28215
29766
31529
32933
37353
42717
37556
43882
48287
47810
35823
38120
27799
21754
19432
24241
15034
13848
16418
14678
15594
33245
49905
50936
47698
51465
50131
42028
35908
29693
18640
14803
19703
20833
25603
36417
45704
41463
34868
33710
27990
17248
9484
6228
18343
37403
44196
45819
52197
52176
44972
44247
36902
26330
12972
21263
18555
24871
36815
40107
24200
21344
16457
11111
13362
28853
56983
50004
51637
46953
57577
41454
35299
26004
17342
3295
13050
21241
32061
41757
52928
39728
27349
20594
11626
9455
4993
37245
64357
50599
52861
53618
58054
28065
35217
18026
8032
6476
27911
24688
37882
58456
49299
26441
19915
21508
555
2
13061
59462
53999
60680
60468
59169
36317
41231
28274
955
291
18317
23335
27891
60554
58505
36265
25761
28289
8137
3
357
33969
60855
51120
64818
51336
44524
25934
42770
3655
134
13208
30769
25352
55266
63904
36759
25893
27091
17469
97
2
7233
53939
61173
63934
52336
42657
24484
35215
22200
2135
13955
30148
33355
40102
62131
44280
25261
23048
29357
7220
33
0
29823
65428
65529
61886
35103
30999
13070
35733
2715
7074
25238
41983
35212
58116
57777
26998
23588
31304
23287
3177
3854
1124
48924
65532
65535
42387
31069
23508
22159
29129
6344
17745
37807
42161
36154
54324
43871
21917
27676
35503
14145
3941
1064
16261
63725
65530
57734
19545
30282
15388
40416
15235
20563
23738
43758
26918
42640
49601
28690
29877
38152
32779
2911
5904
96
45402
65530
64696
29988
20420
24239
28979
34333
16907
23054
32371
35309
29502
47993
39721
28266
36448
33566
11053
1794
628
28948
65392
65527
49506
11398
23609
22926
41446
17129
31829
29024
36494
22785
43296
42633
27640
38721
36551
15676
633
3474
26237
64944
58648
47393
14749
19528
19177
41921
26784
38414
30891
30760
21994
34095
40752
31014
35691
38875
14336
2503
5569
41151
65335
51923
36604
20831
14336
18534
43965
26712
46075
31771
29160
19673
38440
33492
37433
33808
36033
11945
1762
11259
51516
61699
43995
27885
27140
14565
22063
40653
31513
43830
31010
27226
24265
36894
26880
46407
33604
29645
10521
3916
23599
60141
53780
38197
24153
30548
12799
34810
33933
41334
26697
34336
25210
30845
31811
30920
53208
27412
18455
6619
11006
46510
57568
45451
27991
32965
24484
21878
38112
32858
38981
16157
41064
26405
31141
23384
50175
45068
23844
4667
9198
34690
54872
42334
38687
26428
35271
18202
38485
32905
46546
12102
30727
34156
30511
24580
30421
57993
29995
20516
1809
27875
54348
37112
34627
27435
37075
20353
40826
33678
43605
23735
14763
36229
32029
31679
20507
50074
37039
27070
11326
19525
61061
31306
24199
21224
38340
30766
35721
41181
36137
38513
11029
34316
29242
33105
19596
40358
38526
28436
21453
23402
61470
32219
12009
19190
32807
30853
38963
45459
33144
40780
9672
35500
32823
29248
17670
29285
40897
25800
19579
35836
63722
36752
1983
7720
34909
30649
38366
47649
37180
38711
10824
34281
39620
29439
16634
19368
43312
22665
20255
44030
65535
31987
892
4004
36142
31579
37345
43772
43401
35903
12338
38397
40931
29174
14827
14517
35645
22949
18622
58646
64301
34861
2177
12173
22831
34770
30578
44860
42020
29268
18634
44517
40078
26785
17747
18478
28654
22089
34164
61585
58343
22045
4627
20574
30484
34221
28734
38708
40099
25828
26341
43613
40372
25043
20327
26619
31318
24268
38560
52149
47227
13238
14665
24841
38068
35301
31468
38617
31171
24532
32214
46354
35550
24667
24021
33928
29763
21894
36403
47830
35846
11578
19388
33407
37693
38760
33417
40987
27846
25072
31968
42701
35910
23691
30605
33056
25026
22745
35007
44300
28381
17052
21939
37514
40433
37192
34345
37534
27469
25792
29083
34547
35809
27381
32177
31436
29004
26759
37722
33197
27200
21002
28687
35749
43510
33771
40091
34303
26645
24344
29918
31788
28831
30092
33293
35727
30229
30942
34730
26114
25555
25072
31969
37073
39367
39950
37708
33730
27075
29843
25480
28475
24573
27325
34788
37312
34275
31327
31854
26785
29139
29314
30307
37760
39123
36543
33951
31873
31882
28691
27828
23011
22451
28005
34365
37997
35042
31517
29574
31816
36961
32354
31651
32783
38577
31308
28696
26289
36324
32109
24923
26309
25581
31103
29274
31106
33504
33835
31529
37172
38750
39206
33036
29121
32600
28323
26263
23457
32885
33441
29535
33919
30485
31273
25257
26000
30172
39361
33478
40372
39228
39860
35023
28940
26356
24766
27524
20508
29095
31659
37598
39594
31150
26482
25287
31632
27611
37796
35262
41476
39742
38837
32420
27919
27069
22315
22257
21040
30377
33811
40620
35987
27926
30356
31432
34233
26676
34997
39938
40581
35932
30758
33554
27627
24948
18196
23685
28663
36938
34520
31642
32310
31424
34857
32711
34954
30632
35955
39477
37098
29345
27424
31543
26977
20819
22090
33067
39129
31340
29094
30749
34743
32286
32802
34882
36498
36095
37307
32456
28785
29820
25952
25181
18422
28349
37182
38424
29526
30943
32002
34805
30826
33314
33375
36689
37253
35161
29540
27940
28950
27798
18814
21836
32441
37134
34985
29485
33840
39240
33528
30184
30780
35913
38039
34589
30768
28224
31197
28080
21167
22210
29670
35900
33683
28468
31293
38043
34210
39746
37795
34574
32792
35764
34405
26208
22865
25742
26482
19706
26013
34974
40955
27151
29572
36184
35605
35109
33327
41124
41769
39820
28957
29108
23744
22615
20749
17955
26570
32916
38815
33449
36180
34230
36691
37766
33542
35401
34808
42486
37246
33156
21944
23449
19742
11515
18167
31928
43084
32478
31582
38542
43669
34826
32961
40231
36922
35750
34612
34500
27922
21598
20309
17991
16176
21723
32560
35243
36613
38845
40415
38546
36375
38069
36161
40340
38414
31101
24848
24638
24036
15478
14690
29243
35917
26789
24904
40355
46839
42254
34304
41967
37320
39618
29269
37404
29127
22056
17251
18364
21488
23688
28983
31635
33092
34215
34812
42759
42340
41809
37187
41709
35378
29493
22757
24351
23455
15576
18229
29078
35787
25455
25057
42130
44666
38539
31154
41837
47536
42369
30362
33504
26764
21202
13910
14428
23022
29411
33174
32503
32738
35702
38419
42205
39512
40998
38819
39108
37070
32350
22584
20028
14794
11785
17241
27647
34440
28297
31831
43510
49026
38485
38341
43117
42679
35422
32779
31272
26218
19735
16598
11827
22403
28329
32439
26200
29601
39426
45177
44608
41951
42533
46848
35592
28350
23505
21346
21726
14510
11079
26592
31486
27766
27602
33656
47678
43100
37975
39711
46390
43614
36034
35557
29584
17328
12504
7446
19573
35553
30944
27463
26267
34340
44241
46810
41418
47843
45612
45327
33398
24921
25235
17774
16423
4473
18709
30011
33480
30619
30129
38416
44815
40188
39740
45916
48086
49388
35985
28067
20265
7808
7087
12316
28348
34450
26719
25733
34413
50075
47494
43775
40343
41631
40859
37080
33224
30047
21542
6869
6318
14559
32629
32244
30382
30115
44625
53092
49333
42722
53975
38022
28833
30608
18788
2421
1
2
14462
63503
61641
49190
59545
57694
27173
31101
37422
28711
16645
27788
26011
12883
9839
8418
0
11187
61674
64663
47001
48710
51754
13216
9196
33575
27014
21359
43146
36557
18021
34980
35550
3861
4336
55164
61200
27797
48166
49152
15098
5015
38189
18266
21825
53048
22910
19133
43696
34843
1597
16068
60644
54560
33327
62347
40376
12675
15549
44247
7793
36244
53144
14297
19818
42923
31790
1768
18839
48596
59298
37832
54900
35408
20911
13572
35126
11622
38969
50514
25966
22370
39533
25837
1963
16942
34189
62857
47255
52932
33424
27578
8221
27728
18133
37385
53150
22779
21614
36504
23217
4969
14854
32185
62043
48785
58942
34180
36823
7240
33572
15626
33400
49602
26341
21048
31095
28293
7643
13037
28983
62544
46814
53135
42632
30474
4364
29113
22527
35158
49213
35865
17349
27219
28236
9498
3931
30369
63646
39950
51707
41916
31450
5828
33693
21533
28639
56907
34018
18881
30628
31419
8092
7824
23301
60414
46517
51969
37825
35173
8467
28647
24133
25947
54583
40000
20511
24999
33123
13346
6575
22323
58501
49024
46191
43692
32080
15030
23598
22698
25675
59094
32892
27214
28123
30245
14856
14318
10037
50260
56153
40626
47992
41453
11218
18572
32575
15236
53121
41556
27090
23016
33799
20483
11009
21352
37649
58008
42339
42369
35717
24203
14278
37460
15069
49626
45099
28468
21251
33778
24291
9713
17941
32658
60241
40244
47756
32373
25291
8419
32588
15607
51593
44557
31459
23994
35317
22123
17583
16630
27269
62493
38892
41417
37692
30172
6693
35404
18685
36382
48848
35030
24251
33902
29197
10903
22165
22015
56466
44468
46055
30479
36073
6130
32340
24396
31309
50390
37875
24755
29908
32970
12070
20149
19494
53370
44779
43630
35852
37400
10851
26411
30306
25523
50683
40393
26440
26443
34867
15518
18924
17213
50146
47639
39177
38344
36720
13992
23712
36074
22945
50216
39488
29018
19736
36486
18670
18581
17230
43611
55604
37440
40335
35170
17774
15176
42125
16783
49016
43666
30361
15604
39227
21348
13394
21913
34029
58787
39529
41684
33467
25653
8430
44651
18876
41996
46784
33919
14393
35931
27929
8783
24104
32145
57080
39205
45385
29155
28272
7363
43027
20896
39658
49760
34866
16053
30241
32095
6904
23613
30515
57227
38780
45072
29875
30287
6920
39806
24483
33728
50980
36632
18230
28363
33795
10449
22843
27414
51394
42329
44146
30989
33597
10531
35023
30234
27401
51805
37784
22819
23033
36810
9621
22317
25946
50268
44209
43954
32254
31934
14866
29025
35475
23611
52489
36984
25871
20901
39263
12241
19752
24387
49875
44434
41727
35121
30877
17216
25108
37867
20941
53142
37598
27325
20039
38998
16737
17763
23211
45550
50945
38344
38548
28974
19013
20566
43275
15978
54203
43573
28105
16345
39515
20854
12660
23156
35888
56914
37211
42661
26635
24601
12138
44619
19176
46829
45042
32733
15244
37724
27321
10671
24417
29272
58457
36095
44344
28012
25527
11660
43292
21775
42550
47303
34269
15305
32877
30698
11740
24217
23773
56597
43546
39581
33532
26281
9952
36600
30700
34135
51607
38618
16553
25948
37662
14582
21432
18360
47865
51752
36828
38688
29152
10463
25461
40699
24013
55976
40535
23739
16095
43652
15200
22912
16263
34317
58398
39403
37312
34064
16450
14142
45634
19932
51430
51559
25161
10118
44815
18292
19858
30612
9087
57257
52245
28241
39756
31981
4180
38544
34726
29103
53491
37361
10296
33987
39210
13331
31648
17263
27014
62152
39204
29889
38833
17094
13750
47431
25277
42823
52215
16883
18048
45585
20012
20520
34552
5294
49968
53762
29377
37275
37425
8228
30866
47120
21655
51487
34385
11944
33402
41316
13903
35023
19758
14201
58385
44790
27333
40605
30915
5567
48034
37047
25967
47800
27487
15851
40656
32272
17639
36086
9480
27511
56256
40426
27220
46941
19948
13609
56844
27431
27154
45835
24753
21242
43764
25507
24301
27725
9650
34407
57289
36308
32430
45752
9066
25980
55977
17674
30463
45800
22055
26168
43822
24510
22337
26378
8438
40645
61693
31537
36397
40333
7984
33895
49801
13097
32316
50139
16844
31334
45495
19280
17617
32187
3548
42488
62548
28958
33468
45942
8942
32001
46951
14476
32807
45862
19551
30920
45233
18264
25561
26124
4737
44516
60683
24820
38195
44055
8465
31272
42572
17567
30658
52503
16723
34416
39049
21447
25008
27028
5842
41787
58853
25684
39900
46246
7146
29385
44971
16554
30925
47384
25430
26183
41951
25628
23182
28961
9956
31778
62614
30519
36846
47308
9972
23111
47015
21671
25679
46196
27635
20609
43994
31684
23920
26326
15632
17974
60897
40897
34083
46750
19737
12415
44949
27706
19920
41878
38925
16281
42564
39689
23710
24706
21360
8844
48256
54105
33793
44781
30475
8727
33302
36433
18831
34812
45099
21804
31660
47308
26069
20295
26049
12012
26864
62210
39325
37830
41011
16144
17504
39309
24904
25277
46309
33936
22216
44554
35917
19437
27296
19604
12826
49542
56461
33403
43168
26027
10676
28874
37495
20224
39426
44091
24695
28577
42659
29068
22546
26900
18567
21101
55107
49036
35330
34412
22733
14646
30257
36340
28546
43034
33966
24522
32801
43090
22349
26832
28217
16868
23653
58954
41850
31671
34337
23657
12676
37998
39416
30703
37268
31153
23341
36121
42885
21608
27476
29271
15466
25559
58637
40445
29550
35440
23279
13036
39143
42083
28022
38511
30772
21926
36429
43900
20776
31592
29895
15815
20241
55291
42575
26310
42160
25753
11669
33715
47099
23025
41693
31566
16930
39746
44303
23364
30036
33107
11851
29193
38463
41928
35923
43530
22249
23820
20667
40003
38687
37698
27667
20738
30436
41395
37683
29818
31986
23502
21010
25293
34241
46322
44152
34171
23288
21825
19124
48669
38000
30681
24085
25529
31455
44771
33892
31731
33869
21181
18159
22504
35001
52628
44088
32728
23716
15860
18443
52026
35170
28284
35019
29083
19587
47118
38103
32221
31270
26636
13333
23914
35591
49877
50121
31569
14027
14101
24120
41863
49968
33882
32474
24745
20088
30332
42611
36858
36161
27386
19457
20880
36602
34031
46933
39150
18649
17986
25463
30909
49606
45530
28400
30145
19474
18469
31933
45279
35652
37534
32663
23656
33813
31222
16180
33006
44986
17507
26289
33419
36687
41838
51673
29185
27615
21130
14190
16598
38441
42437
41256
51154
38013
21703
22425
21175
8809
31635
48748
26978
35401
41644
34078
33554
52897
23493
12026
16092
20147
23097
49954
55888
45022
37774
29833
15276
16509
29096
26001
27279
36492
38368
25792
45005
37785
33328
32473
35762
15789
28784
28271
22468
32118
37507
32527
45240
42480
40242
34001
27400
17413
17650
2522
25417
49000
51059
44263
50836
26258
16074
23731
34370
16114
36431
21782
31092
33090
43422
38446
54929
35501
28228
24525
18045
11813
28935
34245
23961
39065
51200
24212
36771
24699
29586
32124
52134
25047
24120
15902
17168
28318
48441
39568
38879
53013
39701
28508
30055
19805
11639
25124
30154
5800
34520
56287
59469
32831
41204
10979
21652
15268
50735
8939
42454
29050
29871
28342
44840
29901
36648
43159
40813
30308
29383
29945
22196
29959
23186
13697
27741
26078
49585
56960
33944
29897
23098
20186
19241
43906
22961
35948
27225
33701
29554
44941
35033
36851
39358
35581
34104
33884
26313
21421
28899
24333
24444
30551
27284
29650
33491
49631
32088
32418
27526
30401
6900
50245
28896
31044
30953
35329
21866
36744
44693
33580
37018
29986
30861
23729
40671
29811
42814
26586
18717
22460
30478
29075
25900
24456
30326
53528
35941
35946
18432
30925
22490
48319
31398
30171
28717
31481
25789
36255
43474
29266
29269
36457
35734
23189
41956
42637
30374
20841
22408
25410
21355
40720
33146
22540
21367
35366
37327
46711
25170
41277
26571
30261
26887
46160
17188
35898
27512
31530
29113
34503
35652
41851
35894
31473
33567
26603
20335
29479
36233
27696
32692
33788
33621
28596
30305
26318
26842
22635
33201
36726
46225
30725
36541
32769
32432
24237
42436
22639
24044
26430
32468
26769
43594
45264
32543
31068
30717
26175
18522
33324
32507
33363
29133
40883
30300
31389
40941
28251
22953
22004
31329
25546
28034
26619
43674
45266
36552
33713
29282
27482
26247
36231
29652
23652
27272
28384
32497
37625
36565
35722
38747
29861
35549
28621
27962
20572
29311
23250
31196
43751
43797
42290
36611
27510
18522
26129
24368
23246
30873
32104
28741
33105
43804
43721
27848
31600
27245
32395
26598
37058
22278
29615
24499
32004
29533
45014
46956
38077
28700
34566
25511
16981
28757
34937
28665
34774
36870
33040
33128
49043
38060
24506
22968
23281
18201
25537
35680
35040
30424
31871
24761
27224
42406
52042
30012
31445
22928
23494
19997
44216
25962
38623
25567
37546
28443
38570
40552
42928
28712
27894
28928
18823
30408
26929
34606
28875
35922
36091
36718
35001
31131
31936
27114
29094
25858
32332
28290
36457
31221
31616
23400
25078
25648
27187
45082
53977
29669
27709
28800
26856
19732
41789
29548
36394
28269
38564
31839
38423
31599
31372
28628
32186
31373
26771
31412
27739
32283
28906
26487
34892
32481
37696
31649
35548
27072
32178
27004
32294
29283
35885
33740
31501
31150
26353
24467
27728
29367
25619
34389
47455
44281
34953
31628
24365
21181
28106
34544
23060
34157
28438
31791
37984
40665
36370
36286
31129
30037
26682
28932
33659
30017
33975
25158
29341
29520
36481
32549
29729
27870
32873
33940
33504
32057
32879
33225
28474
31988
28448
28413
32760
32675
30668
31926
27399
25744
26620
34009
47160
39727
36160
19821
26422
19734
35078
39916
32507
30526
29582
32910
33318
35915
34662
33749
25152
33670
27340
37649
30829
38078
25259
27255
25337
34338
35644
36669
32874
30700
27448
26452
36763
27714
30737
36470
38659
29129
33419
32572
29380
27691
34707
28165
22607
30917
32309
32241
26516
33384
32538
49162
28492
29655
26383
34267
21125
40556
31811
32314
29489
30523
31597
38322
39526
31751
31899
23873
33279
26307
33194
30528
36154
22726
23290
32095
30942
38686
40364
35313
24915
25765
24737
30776
30016
43313
36701
37211
28346
36018
29144
32403
26636
31390
26293
23763
36314
36908
35762
29747
24773
25669
23241
22571
31108
56987
39471
32364
22202
34457
23315
37584
35114
37484
21615
30981
30574
31696
32201
38787
37010
30064
34323
25496
29571
27074
31726
27284
24718
29525
32519
43970
29508
34496
26633
32828
32396
34346
27358
34624
33734
32523
31512
32267
32633
29718
35470
31628
28560
27043
31817
26613
27807
28648
33844
33630
32419
30997
34603
37937
30260
28704
36357
32703
35403
27095
35613
27865
36127
28282
35026
29268
30474
32750
35325
34102
26750
29666
23333
28407
27078
31224
30713
35542
37651
32516
33934
27582
32826
28705
34328
26645
34413
31507
36264
33429
33843
31423
25797
30977
30759
31861
34257
32544
25271
28443
28421
27583
37829
39231
28522
29728
36494
34010
31857
35132
30504
29226
28103
32735
34230
35048
30224
36000
32850
25304
26712
28290
27663
30231
37022
36501
34628
30600
26170
26700
25888
37384
36616
37586
32397
30872
29622
31089
38403
31451
31067
26164
33006
29761
31900
33803
26897
26641
27503
32893
32825
34699
34732
35378
25367
28165
26264
33956
34537
39906
37437
31434
27743
26858
28570
41392
34074
33167
31659
28514
23020
33233
34784
32406
29435
29705
27137
31141
35679
35800
28206
27891
25614
25246
28536
42418
39239
35320
31054
33283
26317
30054
35866
37261
34075
28873
27109
22981
23250
34447
39981
37180
32921
27041
25001
25712
38842
33589
32618
30140
30677
29014
36059
34240
33702
27767
22909
23606
32931
37958
36876
32906
29086
27517
30559
34004
37886
31298
31274
32682
36050
28546
30945
31050
33532
26535
32444
34450
31743
34129
33254
31715
29950
29478
30186
26541
31055
30518
33544
33791
33008
30265
32950
31110
32954
28404
29667
30997
33368
34629
32585
31115
30558
32076
37216
33142
31759
29213
31998
25159
30663
31065
30655
29571
32854
29949
36012
36354
33890
32991
29731
23756
28072
35851
33215
34121
36605
30895
27960
29072
31248
28849
33425
31970
32800
32865
34233
29023
31184
28555
29123
32227
33803
33490
33086
33170
30906
32474
33654
29910
29308
29513
32970
35421
33040
31228
29814
28965
27305
31148
31324
32521
30822
31519
31714
28371
32784
32894
35325
34278
32311
30575
32329
31041
31725
29363
30499
30793
29474
33188
34574
32825
31932
29869
29236
26922
31753
32842
30531
33047
33630
33734
33300
33582
31191
29169
30593
29333
28802
34006
31964
33089
32667
32089
30862
30359
27915
31524
30765
34241
33398
34592
29683
30077
29786
30628
29883
31723
35022
34132
32052
33570
30180
28972
28866
31461
32155
31753
32198
33503
31933
30547
30514
31037
31746
30484
32686
31518
32796
30269
31409
34177
32679
29430
32267
33758
31745
31483
30459
31641
26641
30177
34096
34189
31360
33119
32842
30177
31648
30586
30381
31338
32090
32589
33221
31919
30563
29416
28317
31112
30284
32383
31726
33466
29090
30401
33234
34825
35062
32027
31955
29955
32742
32119
29239
30686
31800
31599
31834
33933
34141
31929
29542
29527
28654
29045
33499
33529
31233
33438
31793
29567
31552
33277
31162
30031
33464
30095
28220
29572
32042
29888
31774
32904
32802
31980
33443
31848
32126
31152
31552
30678
32895
32634
34162
33730
31305
31365
30344
29474
33199
33116
30831
30718
29694
29594
28728
31537
31824
32117
32638
32730
29821
31045
30364
30703
33420
31778
32693
33108
31176
31335
30487
30788
30787
33628
32053
32570
32781
31890
30579
30467
31281
32163
32365
33361
33376
32129
32621
30614
29971
30061
33323
32531
30932
32282
31177
32391
29903
31381
29273
30508
31579
33122
31336
32465
33856
30572
29648
31987
31901
29375
31920
33632
29811
31664
32537
31175
31223
30254
31264
32775
31227
30377
32872
32106
31981
32636
30538
30928
34349
32356
33387
31392
30511
30003
33251
31558
29441
32566
30911
29457
31476
34251
32131
31618
30119
28360
29074
30828
31742
31544
32883
31943
31378
30947
33311
31724
32830
31200
32345
30286
32499
32185
33360
31674
32986
32311
32340
31083
29718
31531
30572
31494
32368
32308
32069
30771
33189
31553
32565
31808
32451
30278
30263
33141
32970
30550
30181
29241
29762
29712
29679
32246
32010
30435
30944
29825
31062
31291
31970
30359
32045
32876
32485
31692
33391
32196
32651
33091
32222
31525
33377
31463
31210
31263
31188
30408
30790
32149
31400
31713
32598
31755
30725
31370
31684
30917
30496
32228
31188
31100
30654
30795
30876
30135
31439
31011
31045
31029
30224
31433
31347
32410
31996
31479
33485
32562
34004
32297
33116
31749
32217
31108
31701
29862
33570
31340
31163
32179
31977
32144
31002
32643
32455
32073
32130
33336
30677
31428
30211
30450
30271
30870
31449
31800
30703
30523
29689
30232
30046
30671
32404
31404
32627
33045
33906
32717
34121
32005
32343
32305
31688
32321
31606
30501
31789
31124
32355
32154
30800
31276
29827
30703
31129
29139
30457
30795
31321
31349
33152
33316
32676
32121
32366
29744
30570
29919
30878
30943
30737
31711
31165
31546
30695
31552
32216
31820
31345
31608
31734
30802
32316
32065
32294
32790
33523
32171
32923
32379
31286
31233
31302
31389
31606
30347
31844
32001
31636
32094
31034
29936
29573
30867
30840
31058
31243
32107
32156
33432
32417
31523
32588
31942
30689
28906
33265
32340
32021
32168
31775
30736
31172
32565
32678
30480
28433
30420
32878
31897
30951
31931
33073
33330
32466
32520
32138
31817
30245
31064
30608
31978
32321
31487
30701
31636
29876
29326
31717
31305
31257
29559
31208
33140
32966
31685
30799
31976
32029
32319
31314
32377
31716
31231
30769
31194
32520
33697
31955
28547
32075
32771
32768
