32768
32768
32768
32768
32768
32768
32768
32768
32768
32768
32768
32768
32768
32768
32768
32768
32768
32768
32768
32768
32768
32768
32768
32768
33356
33487
33119
32757
32478
32600
32740
32639
32630
32588
32538
32772
32836
32836
32770
31871
30862
30240
30007
31270
33471
35449
37058
37920
37502
35820
32845
29873
28008
27739
29308
30896
31719
32407
33061
34055
34851
34761
34020
33612
33220
34040
35998
37890
39023
37248
31496
24855
20461
21172
27030
33414
38395
40934
39714
36615
32587
28684
28480
31540
34265
34112
30247
25701
25512
29963
35611
39500
40212
40669
41395
38783
32489
25996
22890
26446
32256
31233
26017
23402
26618
36951
43890
42563
38296
34652
35671
39919
38739
32310
27476
24589
24392
26697
23707
22117
29011
36710
43539
45045
38688
34455
34258
33726
32607
27055
21106
22574
30022
37543
42272
41850
38349
36367
33784
30094
26999
23128
22198
24011
28554
37443
45633
50239
48371
40924
31876
24334
20085
18613
19890
22545
27323
34586
42384
49793
51590
47421
38838
27629
20849
18467
20115
25259
29810
32894
33847
33929
34797
36119
37814
39281
41158
42784
41245
35506
27113
20616
20493
24327
27586
29033
30839
33196
36940
39830
39287
39873
44071
48973
46220
32710
17883
9795
13959
26566
33208
34139
36696
38464
38405
34252
25313
22394
30327
44432
57290
57281
41298
18069
3823
3595
15402
29254
41283
51966
56925
52597
41123
24282
15626
20514
30660
34792
26774
18880
22462
37341
51816
53742
46814
40374
36585
30121
18526
8180
6863
19824
39920
56675
57121
45736
31763
23432
22242
26855
28926
28131
25117
26098
34219
45644
51372
48429
38730
29584
21934
17582
18855
23420
33301
43148
43952
32685
16453
11187
22265
40828
59179
65535
64160
44851
15283
151
0
4075
26069
50184
60991
54541
37336
22013
17420
27138
41622
54739
61780
53131
28731
5162
0
2554
26245
49192
58549
55631
44813
33311
20001
8863
8949
22926
47270
64522
65535
46523
13652
512
3803
20541
32629
41662
48724
49243
42518
29059
15623
19483
33110
44243
47507
44249
39160
33964
25562
18585
18945
27755
38506
41861
35629
27277
21064
19683
21781
27170
39286
55327
65340
65535
46850
14195
0
2
5255
17942
33075
50638
62824
63318
51254
31732
20806
21637
26681
29916
28909
31754
39384
36827
25168
17242
21804
34873
43546
42493
35299
30439
32466
38116
40401
38053
34262
32237
28569
22236
15238
17263
29195
39478
43173
41589
40648
47681
53713
46948
27453
9367
5260
15916
27807
33403
36589
43280
47991
42738
27703
12504
12870
32399
56144
65535
55828
27308
3215
0
584
14802
36252
60395
65535
65535
56416
30430
4777
0
0
6634
34273
59502
65278
51938
31146
18612
20049
28001
31289
26845
24888
28052
36321
45879
51190
51941
46107
32896
16205
4250
5447
16711
34568
48198
51194
47319
43166
44600
44150
34727
22918
16765
18995
26414
30507
29163
30805
35463
36417
31612
26294
26024
39456
58276
65535
56350
25355
2434
0
81
11641
31950
54101
65535
65252
58323
41053
21935
7805
6314
15858
29717
40042
39624
31892
29324
32418
37378
38869
33186
27521
29816
44433
57537
50222
27770
9138
2724
7304
16846
29628
48037
63685
65535
64007
40461
10147
0
626
11069
24991
31528
35277
43123
55364
60603
56280
45519
31738
22463
17652
9082
741
191
12916
38567
58307
65206
60833
52063
45733
39240
28891
15100
7714
12446
21304
27543
28178
26545
31923
40634
48992
52861
55733
57957
50848
32232
11338
147
0
6178
19349
34307
50112
59670
59992
52690
43696
39051
34351
23442
11480
3103
562
5102
16718
33956
57856
65535
65535
59143
34299
9511
0
333
4169
11313
21252
40774
56588
57938
49482
40806
39222
41683
39653
27463
15234
5738
0
0
7998
32589
61436
65535
65535
62626
33670
6203
0
0
5112
24755
46830
58813
52365
33889
17225
17612
33888
53591
64911
63626
48079
21549
1991
0
0
4241
36515
63327
65535
65535
63512
44354
19330
2083
0
4442
20844
37180
42068
37184
31526
31050
37911
44818
48821
53336
56577
49021
30341
8146
0
103
10761
28576
42990
55583
62073
62090
53927
40117
24070
14196
14188
18661
24391
25215
19532
18746
29478
46237
59307
60634
55034
48285
40948
27870
11429
2442
5174
20110
37615
40155
33329
33935
44259
55732
57808
50074
38841
30099
22519
14656
7748
6532
13861
26713
40374
53148
62045
65403
60453
46527
30630
14501
6958
8442
15549
23414
29052
31649
35933
42446
48495
51765
49464
46117
41519
35055
25929
17397
9375
7494
11054
18363
27904
43529
57827
63995
62165
53288
39637
22653
9728
5672
9223
18395
26424
28565
31058
40887
52762
57518
55068
49898
41337
33210
22099
12404
12106
12075
18843
27279
31686
39162
48389
55746
59263
56394
47214
34051
20508
11707
8287
9184
13488
19152
27741
41877
57829
64538
61849
53019
40713
28437
15747
8907
8922
15560
24272
28663
29842
35255
47589
57592
60886
56109
44611
31977
20003
11263
8218
11465
18837
26138
32396
39509
48521
54866
56189
52510
45485
36695
25185
12942
6568
9072
16301
23692
29937
38427
48536
55410
56925
53386
45453
33730
21613
11691
10210
14910
21118
25835
28683
33859
42325
51065
56016
53749
48695
41636
29883
17026
8771
9757
16183
25228
32379
36972
44157
51726
53405
50114
44351
36898
27473
19711
15672
15858
19829
24092
27737
30907
36228
43484
49055
50094
49680
46403
38027
25401
15965
12569
13904
17306
22185
27798
37685
49152
55524
53771
49299
44024
33992
22053
14940
14505
19673
25453
26928
27265
31488
41073
48358
50518
49782
48068
43235
33470
22094
14827
12634
15628
21205
27177
33505
41177
46478
48298
47129
45938
43016
36705
25785
17439
15918
19778
23278
25026
25971
32097
41352
46131
46428
46412
46964
44633
34619
22762
14353
15135
20384
23993
26268
30567
39586
46800
47002
43912
40741
42394
41957
34049
22857
17137
19561
24102
24368
24027
28248
39429
48000
49031
46708
43597
40094
32940
24071
17576
17303
23755
29988
30273
29356
31253
37020
40678
42479
40954
41423
41888
39335
29638
21153
18215
20819
24917
27647
29862
34926
41604
44643
42295
39006
39105
38731
34074
27115
23519
25183
28299
29875
27197
25361
30178
38751
45034
45641
43154
40984
36484
28849
22174
20396
24509
30473
34622
34112
31865
32535
33822
33632
32012
31623
36930
43282
44513
37449
28380
23581
22379
24023
26316
27928
31640
36633
40029
40743
40068
39954
37716
33844
29327
27804
28987
30556
31540
29819
27998
28270
30739
33234
35052
35638
40642
46247
45929
36685
27073
21392
21972
28733
33625
32256
30187
31860
34050
34151
31681
30225
31018
34897
39412
44347
45154
39194
29817
23578
19956
19293
22732
27277
32380
38516
42038
38210
32373
29858
33424
41686
48568
46527
35661
25065
19259
16853
17643
22250
30558
40412
47109
43398
31203
22484
27865
45202
58732
54617
36984
20872
12299
11895
15478
18309
25637
40670
53647
52003
36513
21823
21774
37495
52885
53139
39023
24419
17912
17567
16476
14738
19855
34858
50601
54922
43873
28391
25060
36189
48322
47522
35210
23146
18378
19995
20394
20782
25989
38383
49490
52410
43612
33623
28073
29204
31200
28697
26314
31072
40055
45217
40555
29339
19118
19308
28794
37419
38677
36146
35340
34855
30759
22273
16011
23279
43518
61732
64049
46911
20610
4714
6550
17855
29713
36604
42650
49110
49870
38240
20195
9026
14758
31007
44437
46749
43561
44136
45122
39205
25953
13032
11195
23822
40553
45887
38081
28914
25948
28412
32151
31896
29523
34655
47417
57621
54924
36027
14490
5690
12889
27120
34625
32824
30793
36106
41475
41369
34998
28615
29289
39289
48487
45709
30419
15458
12036
21603
34015
40612
39035
36775
38185
38359
34403
27580
23956
27594
36139
40183
34883
27008
25632
31194
38474
40657
36572
31689
30969
33670
35439
34465
32148
31961
34782
36787
35336
30463
26124
26041
29868
33394
33984
31951
30924
31715
33210
33097
32819
35010
41518
46425
43811
33588
22895
16611
20163
27543
31494
31670
33917
38172
41497
38822
30453
22693
23060
31435
39972
44616
45314
44674
40939
33053
22580
14917
14893
25705
39178
45366
43492
37123
29018
24079
23873
25631
28755
35512
41753
45006
45313
41979
35443
27770
23066
22441
25146
29156
32167
31167
29015
28916
30210
32575
36315
39205
39966
39686
38644
37179
37221
37417
33721
27800
23173
20690
22171
27240
31440
34808
39291
42536
41778
38262
33581
29792
29914
32352
33324
32604
31015
28966
27605
28076
29553
31999
35179
38104
38882
38059
36984
34194
29940
25986
24537
27336
33682
39933
42352
40273
34832
29270
26061
25924
27795
30881
33919
36306
36039
32223
27198
24755
27470
34382
41585
45384
44717
41487
37607
32211
25883
21219
21385
26012
33256
38339
37122
32440
29545
29133
31647
34699
35682
34583
34084
33950
34457
35825
37157
36486
33744
30309
26997
25065
26239
29759
32951
35621
37098
35477
32438
30143
28521
28665
31076
34165
36217
37054
36866
35494
34870
35591
36430
35979
33581
30004
27707
27083
28559
30601
30542
29624
29557
30917
33545
37000
39237
39616
38832
36977
34194
31838
31345
32198
32258
31161
29084
26811
26452
27847
29550
32146
35161
37502
38932
37922
34173
30213
28691
29796
32311
35249
36613
36290
35602
35030
33642
30666
27966
27330
28660
32040
34492
33113
30357
29226
31452
35994
39373
39783
37509
34940
33091
31415
30261
29917
31533
34692
36002
34200
29757
25017
23100
25059
29895
35176
39265
41444
41116
38731
35718
32689
31028
31356
32878
33802
31768
27024
21710
19987
24035
31328
38444
42433
43205
42121
40289
37910
35247
32294
29668
27180
25060
23772
24094
26740
31105
35572
38382
38502
36566
33770
31790
32420
36428
42037
45166
42678
34333
22516
13705
14172
21316
30626
38493
42502
42447
40098
36394
32289
29480
30092
32734
35890
36295
32042
25299
21216
23316
29552
36285
39871
38932
36326
34434
34646
36339
38076
38091
35954
31796
26555
22682
21740
24732
30738
37102
41258
41813
39063
34627
30847
29951
31697
34285
34672
31479
25908
22378
23608
29109
35612
40043
40578
38481
36260
35603
36648
36145
33518
30470
28274
27280
28327
29218
28233
29002
32535
36065
38271
38003
34360
31107
30951
33675
37019
40141
41082
38201
32141
26206
22241
21821
25911
31326
34330
35306
35439
33845
32451
31945
31409
31774
33591
36087
38218
39149
38624
37188
34537
30674
26145
23888
24075
27879
33014
36112
35429
33408
32012
31902
33250
34339
34830
35370
36959
37256
36239
34688
33821
33285
32160
30061
26742
23890
24079
27962
33741
39234
41661
39915
35847
32349
31057
32152
33696
33781
32619
30481
27494
24673
23742
26138
31633
37873
41688
41729
40994
41406
40774
36411
29311
23606
21270
24487
29573
30648
29006
29532
33652
38424
40418
37793
32634
31180
35664
42985
46331
40966
28808
19168
16542
21306
28198
32857
33678
35486
38218
37657
33392
28708
26408
29375
35165
39970
43133
45443
44324
36964
25029
14400
10569
19120
31651
40117
41544
39537
36603
33852
31334
28575
28064
31939
39413
45594
46889
41913
31244
20660
16517
20678
28629
35249
38265
38315
36457
34335
30978
26669
25838
29629
35936
39908
39218
35049
32764
36088
39867
38630
31381
24625
21539
24642
30251
32198
29535
29068
33939
38749
39496
35532
31301
32979
41635
50414
48259
34009
17014
9909
15411
25548
34267
37466
37397
39532
39393
32972
25661
22702
28042
37984
49002
53938
49008
35716
18026
7385
7083
17001
31149
41824
47427
47949
43547
32511
21905
20245
27426
39613
47957
43084
29495
15733
15662
24964
36889
47195
51828
50549
41896
29239
15305
8778
16142
30113
40879
42645
35921
30204
28036
33300
37440
39895
40272
44268
45665
38403
23256
10450
7584
19074
37612
46024
41911
35001
32417
31470
32938
31100
30029
36486
49696
53617
39090
18876
6206
8349
25081
41021
43542
41299
40096
39580
32687
23816
16430
18498
35827
56093
64639
52477
24541
5243
2803
13534
28329
38929
46582
49361
47598
32343
12649
5849
18188
44695
65177
65535
52247
19828
890
0
5923
26779
41957
54392
61075
54708
32263
4728
0
8183
38567
61688
65535
64591
43660
12659
0
0
5491
31436
55486
63812
56318
39795
18200
9682
15217
27162
45316
61482
65535
56613
24726
1651
0
2998
25991
48809
57116
53961
46962
35591
23027
21128
23652
39021
56979
61010
47155
19806
617
0
6547
29871
45434
55899
57857
52929
40978
22545
8465
6788
21005
43323
62814
63944
43377
17606
4501
2722
9875
25641
38748
50833
61381
56263
31715
8057
2137
15896
39635
59130
63121
55353
42482
26363
8562
0
1259
19301
44479
58750
54256
37348
23344
22507
29157
38860
47796
54207
51359
38949
21851
4400
0
3717
24719
45424
53560
53379
49473
43933
40153
33873
25742
22117
20617
21472
24370
30533
33038
33567
38637
41978
43359
40535
36270
27995
18546
11111
8635
16764
36182
55857
65535
63258
46377
20981
2389
0
4656
20771
38347
52354
59428
53931
36937
17606
9169
17322
32574
47278
54614
51966
44178
29025
11471
890
2960
20780
42106
57937
58839
52194
47298
37661
22619
8605
6390
16141
32332
44648
45535
38089
30680
28274
29886
32191
34821
41038
44330
43210
34922
25522
15604
12238
17366
27363
38855
46232
48558
43803
37917
38237
40046
33598
21002
16001
16857
17122
16643
25522
40245
58464
65371
60039
44565
25745
12587
1913
0
3067
30189
56491
59513
47110
33468
22395
22204
27747
28058
26780
37051
55688
62696
45836
12621
0
2726
17408
34190
47734
55658
60773
58191
44013
22006
5679
7200
21813
34834
36379
32536
30911
32345
38557
43093
42834
40578
41084
45535
41973
24147
4589
1776
13532
29970
42092
43973
40599
43186
48628
46760
42525
37191
29751
22139
17871
13417
8880
10782
22967
42451
58744
62835
56560
42857
33536
30623
24171
11534
6271
13639
29658
41259
42080
39027
40302
45536
46620
38954
26759
19914
20513
25469
34672
42335
41436
32524
24791
24513
25552
33263
40499
42263
38028
31065
24893
26006
38142
46680
42309
30741
23196
19238
18966
22013
32572
43846
52589
48726
37460
28869
29589
26150
22313
19444
22937
26397
34760
41781
47867
51498
51281
43081
31043
17919
7685
871
7591
32390
57481
61869
51416
38566
26213
19333
19430
22065
29488
49602
64596
59521
28340
3144
0
4028
22501
39990
50944
58012
58597
51362
38576
26156
16616
12984
19926
27840
31794
33319
31659
31169
35088
41457
43386
37320
30269
26250
32418
43385
43094
29435
20019
21767
24170
20627
23873
33449
48616
56726
50482
38886
35485
35598
26343
12045
9143
15572
24580
31677
38890
48049
57946
61942
53632
33907
16610
4000
0
862
12417
31235
52298
64849
65050
53776
34431
17640
11949
12859
16547
22269
37009
53723
52270
31969
15536
15123
26663
38721
44763
41467
37842
47256
57856
45889
15399
1107
9175
23348
29358
32851
38066
45717
48428
44742
38817
39007
44432
41032
24941
11047
7465
10882
16676
27501
45933
61546
65535
56571
33392
11864
4217
11530
26969
42159
47398
43887
34322
24065
16899
20634
34141
47664
51564
47003
40281
38696
34301
18542
6053
12717
29118
39433
40887
40832
38346
41587
44338
40041
27224
17336
23276
39385
46034
33920
18053
18433
25222
28726
31104
34776
45470
54921
54449
34917
13799
19364
35173
37608
27027
22056
28590
32674
33272
32710
31255
38039
48616
51448
35488
13174
10665
29137
44928
42526
29572
28913
33613
34038
27948
24588
32403
44276
46887
31270
9123
12726
40561
59012
52102
31866
26360
28216
25258
16494
13841
28859
49759
58445
46652
29166
25821
28971
24977
21319
27357
40134
48176
46112
34123
22182
25609
37059
37075
26069
16148
16225
24006
39259
57075
63545
54689
36731
23288
12926
6596
12875
30659
44842
50023
49334
37412
16010
8728
20767
41565
57252
61202
50113
29827
15346
7613
7412
18185
36040
52930
57405
43745
22089
9393
19363
39554
54814
59487
51455
34033
14024
1271
0
11001
35767
59366
65535
62949
40422
12719
698
5769
20941
37423
54721
65127
58579
30895
4744
812
14292
36191
53021
54096
44834
35482
21053
6417
5219
21199
45418
63414
65535
62984
32359
2760
0
4830
20136
38486
54199
52041
37545
23890
18958
26589
39807
47328
53052
50810
35107
14295
1745
4094
20560
43147
57523
54296
43727
33017
23515
17237
18601
23584
28451
36492
49809
60143
52378
25533
9912
18313
28305
30212
34232
38074
36285
37553
38691
27820
16197
20209
33909
42440
46657
52822
50086
36117
19781
11964
11680
19534
34381
46793
45259
39262
35406
29081
21917
21895
30007
40072
52456
60580
47658
17928
3956
11070
21095
29233
38941
45565
46333
44941
38167
25758
21504
29883
41233
46332
38837
23714
15917
20866
29841
36330
42676
46173
45609
40983
31341
18040
13744
23787
33357
33714
29055
28735
36410
46864
52447
48715
42081
34832
25770
16360
9814
11444
23164
38172
46679
44837
40307
37400
34821
32451
30417
29281
30269
36833
44071
41012
24195
13077
18804
29876
37180
42747
43148
39324
39158
37008
24748
13355
15207
26086
37724
46935
51834
50623
43715
30666
15974
10226
17893
30169
41410
42574
36560
33134
34775
34870
32446
31985
33896
34150
31869
25970
21936
25360
34250
42348
45151
46255
43810
33254
20822
16105
19046
27062
37529
43604
40883
36375
33771
29472
26599
28680
32161
33088
30719
29022
33166
42467
48493
42098
29573
23056
23265
26094
28647
30625
34110
40048
42471
34781
24321
23042
28002
32812
35525
36226
37535
39958
40726
39031
35177
28716
24442
25631
27080
27306
30502
35224
36626
36038
36498
34557
32161
31225
31460
31344
32772
35047
37123
38643
39303
35667
28993
24305
25223
29007
32698
34112
32450
31599
34682
37251
36527
34933
33601
34153
35120
34031
30477
27887
29084
31413
31680
30712
30355
31307
32797
34150
35605
37333
40359
42255
39621
32500
24348
20837
23759
28758
33617
37499
38689
36651
33194
30233
27719
28046
32126
35751
36299
35291
33463
31814
31375
32508
33253
33784
35087
36880
38147
36178
30599
24478
22823
25969
30710
35037
37591
38792
39604
38344
34534
30189
27279
26860
28912
31194
32366
33056
34154
34845
34407
34098
33284
32120
31197
31068
31722
33880
37739
40785
39269
32854
25637
22564
24381
29599
35209
39005
40012
39198
35383
29634
25722
26763
31396
35738
36210
32638
28394
27529
30830
34950
37049
36979
35150
32626
30485
30862
33799
37222
38531
36425
30810
24429
22227
25841
32843
39100
41921
40332
35566
30014
25892
25092
27931
32684
37051
38937
37360
33827
31107
30269
30673
31890
33202
34541
36595
38579
36553
30877
25994
24695
26772
30349
33829
36290
38863
40500
39232
35188
30429
26950
26385
28808
32124
33856
34403
34530
34222
33704
33874
34294
34737
34494
32569
29170
26018
25739
28875
33812
37847
39401
38393
35472
32420
30456
29444
29225
30320
33113
36663
38896
38370
35122
31095
28392
27447
26950
27365
29463
33094
37034
39858
40016
37423
33834
30835
28801
28180
29700
32493
35151
36260
35020
32206
29630
28542
29353
30590
31539
32378
33580
34800
35556
35814
35329
34197
32993
31776
30444
30070
31220
33590
36699
38884
38186
33872
28415
24947
24745
27308
31537
35572
38290
39032
37543
34866
32503
31182
30568
30241
29921
29854
30233
31526
33444
35139
36467
36857
35809
33770
31814
30402
29128
28016
28278
30219
33333
36412
37718
37033
35152
33575
32363
30914
29297
28647
30156
33625
37056
38590
37739
35363
32537
29747
27823
27304
28324
30653
32918
34509
35277
35915
36208
35538
33993
31932
30186
29858
30910
32293
33537
34829
36209
36526
35444
32858
30095
28204
28033
29282
30722
32105
33774
35561
36775
36985
36282
34776
32611
30272
28077
26937
27636
30703
35125
39196
40984
39953
36203
31625
28076
26226
26068
27586
29887
32064
33826
35303
36439
36969
36664
35215
33041
30802
29224
28351
28587
30167
33054
36165
38092
37894
35782
32999
30602
29194
28839
29097
29909
31291
32677
33773
34663
35286
35745
35571
34272
32022
30021
29070
29198
30420
32324
34220
35880
36972
36979
35592
33217
30987
29745
29926
31240
32534
32847
32272
31559
31526
32207
33485
34713
35282
34875
33773
32461
31032
29918
29801
30822
32519
34504
35915
35959
34756
33059
31305
30167
30200
31344
32943
34270
35000
35158
34488
33236
32255
31811
31777
32167
32731
33056
33137
33255
33461
33466
33392
33285
33189
32936
32567
32001
31414
31304
31642
32169
32772
33120
33125
33174
33207
33044
32839
32779
32810
32883
32911
32540
31869
31489
31610
32241
32991
33551
33845
33785
33457
32941
32640
32863
33826
35124
36171
36108
34691
32284
29631
27828
28095
30038
32567
34721
35661
35161
33947
32643
31561
31130
31484
32202
32978
33451
33241
32570
31803
31298
31251
31688
32216
32226
31823
31650
32096
33199
34564
35349
35187
34838
34404
33813
33109
32623
32377
32556
32969
32644
31585
30752
30505
30985
32161
33335
33893
33926
33624
33136
32535
32190
32062
32196
32540
32639
32266
31768
31681
31840
32182
32545
32795
32809
32896
33041
33320
33735
34158
34462
34558
34370
33955
33439
32913
32187
31373
30956
31306
31976
32785
33341
33489
33370
33397
33333
33018
32815
32867
32995
32951
32713
32264
31750
31436
31507
31968
32509
32831
32954
33027
33103
33068
32853
32618
32618
32968
33433
33584
33437
33159
33153
33297
33393
33276
33161
33210
33341
33204
32859
32521
32292
32184
32288
32573
32743
32697
32624
32580
32533
32550
32692
32742
32672
32606
32677
32645
32545
32485
32618
32999
33635
34331
34655
34482
34067
33511
32744
31732
30546
29675
29774
30850
32333
33597
34329
34622
34732
34560
33856
32636
31360
30640
30727
31283
31867
32531
33261
34068
34901
35448
35400
34765
33564
32104
30853
30084
29853
30139
30842
31810
32883
33803
34181
34090
33859
33719
33577
33258
32714
31928
31260
31000
31412
32382
33572
34440
34839
34710
33967
32946
32196
31973
32152
32344
32260
31835
31229
30796
31005
32100
33653
34983
35561
35164
33962
32433
30946
29929
29721
30465
31931
33881
35785
37036
37003
35434
33131
31088
29965
29966
30685
31465
32027
32352
32625
32887
33229
33684
34210
34666
34737
34217
33176
31752
30492
30028
30651
32124
33709
34856
35315
34953
33964
32881
32140
31894
32185
32757
33156
33087
32603
31840
31026
30668
31271
32612
34071
34950
34947
34265
33259
32223
31271
30555
30528
31596
33451
35293
36339
36299
35052
33050
30973
29624
29515
30501
31667
32260
32322
32498
33110
33966
34551
34596
34225
33638
32891
32028
31149
30490
30410
31143
32571
34091
35047
35127
34464
33404
32540
32163
32189
32447
32799
33041
32946
32242
31250
30586
30816
31933
33386
34439
34502
33808
32959
32418
32119
31848
31712
32019
33154
34876
36222
36134
34410
31984
30086
29349
29861
30976
32006
32718
33148
33488
33740
33873
33889
33712
33410
33162
32940
32418
31577
30939
30909
31600
32797
34027
34786
34788
34313
33583
32875
32375
32246
32364
32710
32978
32779
32098
31393
31076
31509
32570
33692
34241
34190
33834
33205
32463
31770
31227
31140
31939
33569
35234
36149
35876
34472
32592
31044
30295
30132
30504
31270
32325
33350
34004
34150
33893
33575
33396
33263
33030
32764
32487
32118
31661
31281
31231
31689
32589
33522
34284
34777
34935
34654
33963
32914
31879
31308
31352
31827
32338
32817
33022
32811
32469
32216
32340
32741
33336
33629
33330
32790
32264
31782
31610
31960
32855
33961
34846
34967
34145
32945
31882
31187
30937
31249
32079
32942
33448
33449
33131
32773
32590
32614
32734
32906
33070
33064
32779
32283
31803
31452
31445
32037
32976
33873
34376
34386
33965
33359
32867
32403
32045
31965
32093
32309
32456
32590
32626
32546
32491
32668
32881
32960
32967
32964
32843
32625
32390
32260
32363
32736
33252
33524
33581
33556
33336
32926
32461
32211
32149
32212
32372
32532
32687
32888
33048
33051
32949
32889
32874
32833
32659
32396
32134
32034
32211
32535
32847
33253
33642
34081
34278
34047
33398
32651
32149
31919
31839
31932
32186
32501
32753
32921
33075
33060
32918
32806
32730
32722
32679
32684
32748
32666
32546
32401
32371
32493
32832
33354
33856
34140
34122
33808
33328
32862
32437
31980
31598
31525
31818
32263
32658
32872
32982
33051
33141
33139
33005
32683
32163
31665
31548
31867
32441
32998
33445
33707
33770
33600
33315
33067
33053
33276
33506
33543
33306
32731
31989
31322
30937
31039
31589
32485
33309
33833
33925
33530
32910
32302
31810
31568
31591
31939
32424
32793
33005
33037
33049
33110
33264
33470
33675
33885
34000
33882
33635
33270
32750
32077
31343
30817
30701
31152
31969
32842
33534
33995
34187
33939
33243
32336
31560
31318
31668
32346
32876
32961
32818
32728
32749
32840
33018
33282
33582
33872
34083
34107
33918
33517
32909
32139
31424
31079
31147
31535
32099
32713
33260
33634
33808
33652
33148
32484
31987
31925
32251
32728
33008
32929
32704
32496
32473
32600
32768
32968
33155
33287
33355
33380
33498
33661
33776
33771
33524
33000
32321
31688
31320
31309
31688
32290
32833
33212
33393
33398
33261
33089
32934
32804
32722
32629
32434
32187
31997
31918
31979
32125
32332
32606
32919
33197
33394
33479
33438
33330
33225
33166
33098
32995
32832
32644
32516
32511
32601
32653
32620
32671
32753
32817
32848
32809
32721
32621
32608
32651
32649
32545
32369
32239
32173
32163
32284
32489
32673
32770
32745
32695
32671
32655
32647
32668
32753
32920
33133
33329
33336
33155
32964
32808
32729
32720
32723
32691
32678
32692
32735
32810
32929
33002
33011
32997
32996
33005
32969
32797
32548
32343
32278
32302
32387
32523
32658
32775
32866
32868
32800
32768
